Dataset	Model	AvgSimilarity	BaselineSimilarity
0	0	0.9866	0.8409
0	1	0.9727	0.9818
0	2	0.8136	0.5455
0	3	0.9772	0.9409
0	4	0.9954	0.9641
0	5	nan	nan
1	0	0.8800	0.8449
1	1	0.8459	0.8204
1	2	0.8020	0.7820
1	3	0.6878	0.6514
1	4	0.9533	0.9394
1	5	0.6792	0.6647
2	0	0.7759	0.6774
2	1	0.7683	0.7490
2	2	0.9680	0.9150
2	3	0.8426	0.8503
2	4	0.8515	0.7330
2	5	0.8144	0.6366
3	0	0.8859	0.7877
3	1	0.8871	0.9259
3	2	0.8341	0.9529
3	3	0.9118	0.8482
3	4	0.9245	0.8697
3	5	0.9835	0.9470
4	0	0.8475	0.8317
4	1	0.9396	0.9254
4	2	0.7737	0.7759
4	3	0.6178	0.5660
4	4	0.8681	0.8312
4	5	0.8593	0.8197
5	0	0.8287	0.7158
5	1	0.7624	0.6316
5	2	0.8479	0.8096
5	3	0.7700	0.7218
5	4	0.8183	0.7624
5	5	0.8074	0.7873
