Dataset	Model	AvgSimilarity	BaselineSimilarity
0	0	0.9682	0.9048
0	4	nan	nan
1	0	0.8880	0.8626
1	4	0.9470	0.9343
2	0	0.7827	0.7190
2	4	0.8859	0.8070
3	0	0.8437	0.8794
3	4	0.9461	0.9078
4	0	0.8579	0.8407
4	4	0.8727	0.8407
5	0	0.7418	0.6957
5	4	0.9030	0.7625
0	1	0.9545	0.9545
0	2	0.8364	0.6000
0	3	0.9545	0.9636
0	5	1.0000	1.0000
1	1	0.8557	0.8329
1	2	0.7702	0.8212
1	3	0.7051	0.6569
1	5	0.6867	0.6843
2	1	0.7920	0.7051
2	2	0.9654	0.9215
2	3	0.8408	0.8362
2	5	0.8022	0.6573
3	1	0.8647	0.8694
3	2	nan	nan
3	3	0.9094	0.8812
3	5	0.9823	0.9447
4	1	0.9558	0.9349
4	2	0.7653	0.7881
4	3	0.6108	0.5586
4	5	0.8563	0.8073
5	1	0.7718	0.6832
5	2	0.8057	0.8135
5	3	0.7878	0.7580
5	5	0.8256	0.7685
