Dataset	Model	AvgSimilarity	BaselineSimilarity
0	0	0.9014	0.8909
0	1	0.9681	0.9909
0	2	0.5909	0.3364
0	3	0.9409	0.9772
0	4	0.9073	0.9259
0	5	1.0000	1.0000
1	0	0.8571	0.8509
1	1	0.8698	0.8333
1	2	0.8153	0.8522
1	3	0.6682	0.6498
1	4	0.9458	0.9316
1	5	0.6832	0.7063
2	0	0.7506	0.6945
2	1	nan	nan
2	2	0.9244	0.9329
2	3	0.8396	0.7896
2	4	0.8890	0.7816
2	5	0.7367	0.6352
3	0	0.8844	0.8275
3	1	0.9576	0.8412
3	2	nan	nan
3	3	0.9000	0.8235
3	4	0.9551	0.9257
3	5	0.9553	0.8953
4	0	0.8439	0.8376
4	1	0.9153	0.9238
4	2	0.7960	0.7652
4	3	0.6064	0.5729
4	4	0.8593	0.8409
4	5	0.8172	0.7925
5	0	0.7548	0.6751
5	1	0.7460	0.6954
5	2	0.8342	0.8195
5	3	0.8055	0.7657
5	4	0.8488	0.7652
5	5	0.7597	0.7594
